ACC: 0.05746084 0.14305355 9.106945
ACC: 0.05746084 -5.985504E-4 9.068638
ACC: -0.023942016 0.0712275 9.188348
GY:  -0.018109497 -0.013848438 -0.02130529
ACC: 0.04309563 0.090381116 9.097368
ACC: 0.0 0.13826515 9.188348
ACC: 0.038307227 0.047285482 9.087791
ACC: 0.033518825 0.13826515 9.197925
ACC: -0.009576807 0.05686229 9.063849
ACC: -0.01436521 0.08080431 9.044696
ACC: 0.033518825 0.0664391 9.159617
ACC: 0.009576807 0.10474633 9.030331
ACC: -0.0047884034 0.12868834 9.097368
GY:  -0.02130529 -0.00958738 -0.022370555
ACC: 0.038307227 0.05686229 9.260174
ACC: 0.05746084 0.10474633 9.078215
ACC: 0.009576807 0.095169514 9.164406
ACC: 0.009576807 0.02813187 9.054273
ACC: 0.009576807 0.08080431 9.054273
ACC: 0.009576807 0.109534726 9.09258
ACC: -0.05267244 0.10474633 9.097368
ACC: -0.033518825 0.095169514 9.087791
ACC: -0.062249243 0.12868834 8.97287
GY:  -0.01917476 -0.007456851 -0.022370555
ACC: 0.06703765 -0.019752163 9.102157
ACC: 0.02873042 0.05686229 8.968081
ACC: -0.0047884034 0.109534726 9.09258
ACC: 0.08619126 0.08559271 9.154829
ACC: 0.038307227 0.02813187 9.011177
ACC: 0.009576807 0.02813187 8.958505
ACC: 0.08619126 0.05686229 9.116522
ACC: 0.04309563 0.12389994 9.0016
ACC: 0.05746084 0.11911154 9.049484
GY:  -0.01917476 -0.008522116 -0.02130529
ACC: -0.02873042 0.05207389 8.771756
ACC: 0.2633622 0.095169514 8.154053
ACC: -0.2681506 0.18136078 9.566631
ACC: -0.1340753 0.08559271 9.513959
ACC: 0.0047884034 0.109534726 9.197925
ACC: 0.019153614 -0.0053869537 9.073426
ACC: -0.1388637 0.090381116 9.030331
ACC: -0.01436521 -0.038905777 8.992023
ACC: -0.04309563 -0.038905777 9.288904
GY:  -0.01917476 -0.014913702 -0.02876214
ACC: 0.04309563 0.08080431 9.135675
ACC: 0.02873042 0.13826515 9.135675
ACC: 0.11971009 -0.034117375 9.207501
ACC: 0.48841715 -0.014963761 11.055825
ACC: 0.9576807 0.25318682 10.299257
ACC: 0.61770403 0.3681085 11.903373
ACC: -1.364695 1.6801311 11.6112795
ACC: -2.030283 1.929128 9.901819
ACC: -2.1787236 1.8764555 9.590573
GY:  0.84368944 1.3432984 -0.6828345
ACC: -1.9488802 1.83336 11.295245
ACC: -2.3798366 1.9865888 11.831546
ACC: -3.8786068 1.0767922 12.794015
ACC: -4.8602295 1.2683283 10.95048
ACC: -3.7253778 1.2587515 10.600926
ACC: -2.4468741 2.6042929 10.706271
ACC: -2.767697 2.9873652 11.793239
ACC: -2.4229321 2.7431567 13.268067
ACC: -1.7286136 3.4662056 9.705495
GY:  0.737163 -1.0290455 -0.26312032
ACC: 1.7477672 0.26276365 0.56922144
ACC: -2.135628 2.4319103 7.996035
ACC: -5.0661306 0.12868834 6.3631897
ACC: -5.511452 -0.110731825 6.1046157
ACC: -2.4468741 0.7080852 11.692682
ACC: -1.4748282 3.3369186 8.383896
ACC: -4.4005427 1.2108675 8.3551655
ACC: -6.114791 -1.2982559 6.889914
ACC: -6.143522 1.2348095 4.9027267
GY:  -2.1422467 0.37816888 -0.0031957934
ACC: -5.195418 -0.55126494 7.6225395
ACC: -5.2959743 1.0241197 9.21229
ACC: -5.377377 0.9139865 7.8715367
ACC: -6.0716953 0.8230068 7.957728
ACC: -6.14831 0.3681085 7.2634096
ACC: -4.8698063 -0.52732295 7.3687544
ACC: -4.271256 0.17178397 6.952163
ACC: -4.1132383 1.7423803 7.4549456
ACC: -4.4675803 1.6705543 6.439804
GY:  -1.8716697 -2.851713 0.32170987
ACC: -4.1706996 1.1294646 7.699154
ACC: -2.657564 -0.45549688 7.98167
ACC: -1.9440918 -1.4083891 7.4549456
ACC: -1.5897499 -1.4131776 7.162853
ACC: -1.043872 -0.623091 6.2339025
ACC: -1.0007763 -0.010175358 7.474099
ACC: -0.842759 0.3728969 8.264186
ACC: -0.82360536 0.3393781 7.5507135
ACC: -1.934515 0.56922144 7.6464815
GY:  0.36751625 -0.7052051 -0.43782368
ACC: -1.7812861 0.52612585 8.6712
ACC: -1.316811 0.44951138 8.901043
ACC: -1.3455414 0.14784196 9.173983
ACC: -0.9672575 -0.32621 9.466075
ACC: -0.5410896 0.090381116 8.857947
ACC: 0.090979666 0.6362591 8.982447
ACC: -0.12928689 0.9475053 8.704719
ACC: -0.29209262 0.96665895 8.58022
ACC: -0.18674773 1.6418238 8.647258
GY:  0.48469532 0.13315806 0.16831179
ACC: -0.20590134 1.6130934 8.441357
ACC: -0.05746084 1.4694413 7.7997108
ACC: -0.062249243 1.5795746 7.7757688
ACC: -0.1388637 1.905186 8.000824
ACC: 0.4261679 1.8764555 7.5985975
ACC: 0.60812724 2.010531 7.2059484
ACC: 0.5315128 2.307412 7.316082
ACC: 0.29688102 2.6234465 7.507618
ACC: 0.23463176 2.417545 7.7039423
GY:  0.2247708 0.03089267 0.0031957934
ACC: 0.5793968 2.4319103 8.010401
ACC: 0.7086837 2.5276785 8.2354555
ACC: 0.31603462 2.6042929 8.484452
ACC: -0.1388637 2.7096379 8.19236
ACC: -0.18674773 2.6330233 7.756615
ACC: 0.17238252 2.4941597 7.354389
ACC: 0.23463176 2.5133133 7.924209
ACC: 0.6464345 2.7575219 8.642469
ACC: 0.36391866 2.949058 8.867524
GY:  -0.12357068 0.035153728 0.113983296
ACC: 0.58418524 2.8532898 8.230667
ACC: 0.038307227 2.5803509 9.111733
ACC: 0.23463176 2.8245595 8.786121
ACC: 0.24420857 2.1350293 9.442133
