ACC: 0.1436521 0.11911154 9.154829
ACC: 0.019153614 0.095169514 9.12131
ACC: -0.009576807 0.0712275 9.049484
GY:  -0.020240024 -0.0010652645 -0.02130529
ACC: 0.038307227 0.0664391 9.130887
ACC: 0.1340753 0.109534726 9.073426
ACC: 0.047884032 0.14305355 9.178771
ACC: 0.0 0.0664391 9.159617
ACC: -0.019153614 0.095169514 9.035119
ACC: -0.01436521 0.13347675 9.044696
ACC: 0.009576807 0.11432313 9.111733
ACC: 0.02873042 0.14305355 9.150041
ACC: 0.090979666 0.061650693 9.164406
GY:  -0.01917476 -0.010652645 -0.023435818
ACC: 0.110133275 0.090381116 9.154829
ACC: 0.02873042 0.08559271 9.135675
ACC: 0.01436521 0.0664391 9.116522
ACC: -0.023942016 0.18136078 9.054273
ACC: 0.04309563 0.13826515 8.987235
ACC: 0.038307227 -5.985504E-4 9.106945
ACC: 0.0047884034 0.08559271 8.996812
ACC: 0.08619126 0.11432313 9.102157
ACC: -0.05267244 0.02813187 9.09258
GY:  -0.018109497 -0.010652645 -0.022370555
ACC: 0.095768064 0.076015905 9.21229
ACC: 0.08619126 -0.010175358 9.126099
ACC: 0.08619126 0.05207389 9.145252
ACC: 0.08140286 0.061650693 9.130887
ACC: 0.023942016 0.18614918 9.226655
ACC: -0.06703765 0.0664391 9.164406
ACC: 0.090979666 0.047285482 9.140464
ACC: -0.023942016 0.08559271 9.006389
ACC: 0.038307227 0.04249708 9.24102
GY:  -0.020240024 -0.00958738 -0.02130529
ACC: 0.033518825 0.18614918 9.087791
ACC: 0.06703765 0.05686229 9.173983
ACC: 0.08140286 0.11911154 9.154829
ACC: 0.12449849 0.05686229 9.207501
ACC: -0.047884032 0.090381116 9.020754
ACC: 0.01436521 0.11911154 9.12131
ACC: 0.12449849 0.0664391 8.862736
ACC: 0.10534488 0.05207389 9.102157
ACC: 0.11492168 0.16220717 9.140464
GY:  -0.01917476 -0.0063915867 -0.022370555
ACC: 0.02873042 0.13347675 9.150041
ACC: 0.019153614 0.061650693 9.145252
ACC: -1.436521 -0.110731825 9.595362
ACC: 0.6943185 0.15263036 9.456498
ACC: 1.1971009 0.5979519 8.867524
ACC: 0.7230489 -0.6278794 9.576208
ACC: 3.5434184 0.86131406 11.979987
ACC: 1.9393034 -0.12509704 12.066178
ACC: 0.37349546 0.8996213 10.735002
GY:  1.7086842 0.13635385 -1.2325109
ACC: 0.641646 -0.12030864 13.009494
ACC: 0.090979666 1.2443863 11.798027
ACC: -0.7230489 3.3225534 10.2657385
ACC: -1.6232687 3.8301241 11.448474
ACC: -0.8331822 3.0113072 11.438897
ACC: 0.25857377 4.1413703 9.427768
ACC: -0.61291564 3.4805708 9.183559
ACC: 1.1875241 0.28670564 9.035119
ACC: -1.9871874 0.16220717 6.583456
GY:  -1.8056233 -0.3653857 0.014913702
ACC: -0.37828386 2.8054059 8.628104
ACC: 1.0247183 -2.710835 10.735002
ACC: -0.033518825 1.7711107 9.849147
ACC: 0.521936 -0.7188591 11.347918
ACC: -1.6663644 -0.077213004 10.629657
ACC: -1.8435353 1.6705543 9.614515
ACC: -0.2633622 -1.073201 7.727885
ACC: -0.6655881 -1.666963 11.103709
ACC: -0.9768343 -0.44113165 9.221867
GY:  1.2857742 1.2048141 -0.111852765
ACC: -0.7469909 -0.42676646 10.122087
ACC: -1.9488802 0.66498953 9.9928
ACC: -3.3327289 0.43035775 9.561843
ACC: -4.5202527 -0.39803603 11.295245
ACC: -0.59855044 0.82779527 7.9050555
ACC: -0.5267244 1.9722236 7.0287776
ACC: -0.8762778 1.5173253 8.805275
ACC: 0.090979666 -0.24001873 6.755839
ACC: 0.033518825 0.65062433 6.889914
GY:  0.78083885 -0.5581986 0.81918836
ACC: -0.7230489 0.98102415 10.078991
ACC: -0.94810385 2.2930467 8.738237
ACC: -0.92416185 2.9107506 6.904279
ACC: -0.5793968 2.441487 7.019201
ACC: 0.5267244 1.7232267 7.0862384
ACC: 0.6655881 2.3169887 7.2059484
ACC: 0.35913026 2.1015105 8.139688
ACC: 0.37828386 1.7567455 8.690353
ACC: 0.5793968 2.1637597 8.22109
GY:  -0.77444726 -0.3888215 -0.068176925
ACC: 0.6991069 1.6035166 8.623316
ACC: 0.61770403 1.560421 8.565855
ACC: 0.4261679 2.082357 8.201937
ACC: 0.41180268 2.1733365 7.756615
ACC: 0.22984336 2.082357 7.1341224
ACC: 0.4213795 1.929128 7.8188643
ACC: 0.18195933 2.3122003 8.168418
ACC: -0.14844051 2.154183 8.489241
ACC: 0.10055647 1.5460558 8.714295
GY:  -0.8852348 -0.7456851 -0.49002165
ACC: 0.61291564 1.2348095 8.436568
ACC: 1.1875241 0.9044097 8.177995
ACC: 1.0582372 0.98102415 7.713519
ACC: 0.641646 1.407192 7.8092875
ACC: 0.08619126 1.7375919 8.19236
ACC: 0.062249243 1.9339164 8.297705
ACC: 0.11492168 1.8860323 7.8428063
ACC: 0.2873042 1.7950528 7.435792
ACC: -0.21547815 2.0632033 7.996035
GY:  0.08522116 0.3536678 -0.113983296
ACC: -0.320823 2.0679917 7.8715367
ACC: -0.01436521 1.584363 8.019978
ACC: -0.7613561 1.7471687 9.537901
ACC: -0.19153613 2.178125 9.193136
ACC: 0.0 1.5747862 8.968081
