ACC: 0.11971009 0.11911154 9.073426
ACC: 0.019153614 0.0664391 9.202713
ACC: 0.01436521 0.095169514 9.116522
ACC: 0.02873042 0.032920275 8.992023
ACC: 0.06703765 0.10474633 9.015965
ACC: 0.038307227 0.109534726 9.130887
ACC: 0.038307227 0.08559271 9.159617
ACC: 0.076614454 0.0664391 9.202713
ACC: -0.05746084 0.08559271 9.154829
GY:  -0.020240024 -0.0063915867 -0.02130529
ACC: 0.023942016 0.12389994 9.054273
ACC: 0.076614454 0.090381116 9.169194
ACC: 0.04309563 0.13826515 9.193136
ACC: 0.009576807 0.12389994 9.106945
ACC: 0.08619126 0.15741876 9.130887
ACC: 0.11492168 0.05207389 9.068638
ACC: -0.04309563 0.20051439 9.274539
ACC: 0.038307227 0.11911154 9.102157
ACC: 0.01436521 0.090381116 9.030331
GY:  -0.01917476 -0.010652645 -0.02130529
ACC: 0.009576807 0.076015905 9.197925
ACC: 0.02873042 0.061650693 9.21229
ACC: 0.009576807 0.16220717 9.135675
ACC: 0.033518825 0.047285482 9.154829
ACC: 0.12449849 0.11911154 9.068638
ACC: 0.04309563 0.05207389 9.250597
ACC: 0.019153614 0.15741876 9.116522
ACC: 0.009576807 0.023343466 9.035119
ACC: 0.019153614 0.10474633 9.12131
GY:  -0.01917476 -0.010652645 -0.02130529
ACC: 0.04309563 0.15263036 8.996812
ACC: 0.0 0.109534726 9.231443
ACC: 0.033518825 0.05686229 9.09258
ACC: 0.05746084 0.047285482 9.09258
ACC: 0.023942016 0.047285482 9.140464
ACC: 0.12928689 0.095169514 9.049484
ACC: 0.023942016 0.11432313 9.164406
ACC: -0.019153614 0.032920275 9.035119
ACC: 0.0 0.095169514 9.269751
GY:  0.0031957934 -0.053263225 -0.008522116
ACC: -0.019153614 0.17178397 9.068638
ACC: 0.19153613 0.109534726 9.087791
ACC: 0.17238252 0.17178397 8.905831
ACC: -0.20590134 -0.623091 9.5809965
ACC: 3.016694 1.4024036 6.1477113
ACC: -0.2873042 -1.5951369 8.106169
ACC: -1.0821792 -4.779425 11.13244
ACC: -0.91458505 -1.6765398 10.897807
ACC: -2.9352913 2.2068555 14.24969
GY:  -2.6972497 -0.6380934 -0.93423694
ACC: -2.2601264 0.40641573 11.989564
ACC: 3.3854012 1.0336965 12.942456
ACC: 3.787627 -2.212841 14.364612
ACC: -1.2785037 -4.132991 15.5042515
ACC: 0.60333884 -3.4913447 12.904149
ACC: -4.1706996 0.84694886 -3.3476925
ACC: 0.89064306 0.46387658 7.838018
ACC: -2.5809495 -0.13467385 11.774085
ACC: -3.5003228 -1.6525977 12.511499
GY:  -2.9273467 2.6620958 -0.96619487
ACC: -2.5474305 -4.1904516 12.147581
ACC: -0.9911995 -6.4122705 12.454039
ACC: -1.4030021 -4.2862196 11.903373
ACC: -4.2999864 -3.0556 9.111733
ACC: -3.4476504 -3.7594953 9.059061
ACC: -2.6767175 -4.19524 8.091804
ACC: -3.6966474 -2.9502552 7.7614036
ACC: -3.845088 -2.0213048 8.436568
ACC: -4.0414124 -2.0069396 8.824429
GY:  1.7204021 1.9185413 0.81918836
ACC: -4.7165775 -2.2319946 9.389461
ACC: -3.9217024 -0.5033809 10.337564
ACC: -3.9217024 -0.19692309 8.19236
ACC: -3.6296098 0.15263036 8.556278
ACC: -1.5658079 0.85652566 4.5483847
ACC: 0.59855044 -1.1067197 6.3871317
ACC: 0.8379706 -2.7874494 9.786898
ACC: -0.4357447 -2.3756466 10.869077
ACC: -1.5179238 0.3633201 9.432556
GY:  2.082592 -0.34301516 1.0460896
ACC: -1.5131354 -0.88166475 7.4070616
ACC: -2.954445 0.75596917 8.288128
ACC: -0.8571242 1.95307 6.976105
ACC: 0.770933 2.3122003 6.899491
ACC: 1.1779473 1.4981717 8.752603
ACC: 0.81402856 0.9091981 9.427768
ACC: 0.320823 0.5069722 9.413403
ACC: 0.4165911 0.5021838 9.231443
ACC: 0.58418524 0.6937199 8.810063
GY:  1.1824435 -1.1483551 -1.3880396
ACC: 0.5410896 1.2204443 7.838018
ACC: 0.4165911 2.0201077 7.387908
ACC: 0.50757074 2.6809072 7.20116
ACC: 0.545878 2.7623103 6.013636
ACC: 0.2633622 3.1310172 5.8747725
ACC: -0.11492168 3.767875 5.6784477
ACC: 0.20111294 4.088698 5.61141
ACC: 0.2873042 4.079121 5.8604074
ACC: 0.30166942 4.11264 5.9322333
GY:  0.21198763 0.7861652 0.54435015
ACC: 0.35434186 4.3424835 6.1524997
ACC: 0.21547815 4.7494974 6.2434793
ACC: 0.29209262 4.730344 6.4110737
ACC: 0.19632454 4.634576 7.033566
ACC: 0.2777274 4.6393642 7.354389
ACC: 0.20590134 4.5005007 7.603386
ACC: -0.08619126 4.2610803 7.41185
ACC: -0.17238252 4.3424835 7.349601
ACC: -0.07182605 4.4238863 7.373543
GY:  0.21837921 0.15126756 0.112918034
ACC: -0.009576807 4.5196543 7.3831196
ACC: -0.34955344 4.4526167 7.5746555
ACC: -0.45489833 4.514866 7.74225
ACC: -0.7517793 4.44304 7.7997108
ACC: -0.7517793 4.2131963 7.756615
ACC: -0.51714754 4.1413703 8.034343
ACC: -0.47405192 4.0839095 7.627328
ACC: -0.6512229 3.8444893 7.507618
ACC: -1.4652514 4.586692 7.627328
GY:  -0.098004326 0.56459016 0.34194988
ACC: -1.7429788 4.409521 7.876325
ACC: -0.521936 4.577115 9.011177
ACC: 0.22026655 4.6441526 8.924985
ACC: 0.24420857 3.887585 8.364742
