ACC: 0.10534488 0.02813187 9.054273
ACC: 0.090979666 0.15741876 9.039907
ACC: 0.0 0.05686229 8.97287
ACC: 0.076614454 -0.038905777 9.130887
ACC: 0.033518825 0.047285482 9.039907
ACC: 0.10055647 0.090381116 9.054273
ACC: 0.02873042 0.05686229 9.087791
ACC: 0.10534488 0.109534726 9.231443
ACC: 0.019153614 0.018555064 9.135675
ACC: 0.08140286 0.090381116 9.102157
GY:  -0.018109497 -0.008522116 -0.022370555
ACC: 0.11971009 0.090381116 9.015965
ACC: 0.0047884034 0.0712275 9.049484
ACC: 0.062249243 0.05207389 9.188348
ACC: 0.10055647 0.05686229 9.078215
ACC: 0.023942016 0.18614918 9.054273
ACC: 0.009576807 0.02813187 9.150041
ACC: 0.047884032 0.047285482 9.073426
ACC: 0.076614454 0.023343466 9.063849
ACC: 0.14844051 0.095169514 9.111733
GY:  -0.01917476 -0.008522116 -0.02130529
ACC: 0.095768064 0.0664391 9.073426
ACC: 0.023942016 0.0664391 9.130887
ACC: -0.009576807 0.05207389 9.193136
ACC: 0.07182605 0.05207389 9.054273
ACC: 0.19153613 0.11432313 9.111733
ACC: 0.15801731 0.032920275 9.12131
ACC: 0.033518825 0.018555064 9.221867
ACC: -0.019153614 0.04249708 9.173983
ACC: -0.01436521 0.18614918 9.063849
GY:  -0.020240024 -0.010652645 -0.020240024
ACC: -0.076614454 -0.010175358 9.130887
ACC: 0.08619126 0.076015905 9.097368
ACC: 0.009576807 0.0664391 9.193136
ACC: 0.047884032 0.11432313 9.116522
ACC: 0.05746084 0.05686229 9.279327
ACC: 0.02873042 0.11911154 8.992023
ACC: 0.047884032 0.14305355 9.21229
ACC: 0.0047884034 0.12389994 9.073426
ACC: 0.0047884034 -0.014963761 9.097368
GY:  -0.020240024 -0.008522116 -0.02130529
ACC: 0.110133275 0.061650693 9.059061
ACC: -0.0047884034 0.15263036 9.106945
ACC: 0.023942016 0.004189853 9.0016
ACC: 0.090979666 0.11432313 9.073426
ACC: 0.2873042 0.3250129 8.316858
ACC: -0.01436521 0.032920275 9.355942
ACC: -0.15322891 0.2148796 9.394249
ACC: 0.22026655 0.0664391 9.0016
ACC: -0.0047884034 0.095169514 9.073426
GY:  0.008522116 -0.19707392 -0.029827405
ACC: 0.6991069 -0.110731825 8.024766
ACC: -0.33997664 -4.3676224 11.13244
ACC: 1.1875241 -0.14425065 11.328764
ACC: 0.93373865 1.3162124 12.889784
ACC: 1.0486604 0.43514615 14.426861
ACC: 0.5650316 1.4263457 11.697471
ACC: -0.56982 1.5795746 10.758944
ACC: -0.89543146 0.3393781 10.509947
ACC: -1.2737153 -0.52253455 10.490793
GY:  1.5318503 1.3592775 -2.3574302
ACC: -3.8115692 1.785476 9.806051
ACC: -5.070919 3.8349125 11.242573
ACC: -3.2800562 2.4797945 13.172299
ACC: -1.7429788 2.5851393 11.276092
ACC: -3.083732 3.1310172 10.174759
ACC: -0.8475474 1.881244 10.696694
ACC: -1.8579005 -1.4562732 8.388684
ACC: -2.6240451 0.0712275 9.336788
ACC: -5.707777 0.6314707 8.762179
GY:  -0.3153183 2.3702135 -0.8181231
ACC: -1.6519991 -0.9151836 11.616068
ACC: -3.0693667 1.560421 10.672752
ACC: -4.5154643 2.0967221 9.020754
ACC: -4.8698063 0.96665895 9.020754
ACC: -5.1762643 2.484583 7.8715367
ACC: -4.5394063 1.3066356 6.205172
ACC: -5.329493 1.6849195 8.130111
ACC: -5.0374002 2.4462755 7.9146323
ACC: -4.462792 -0.048482586 8.3072815
GY:  -1.6724652 -1.6458336 1.1451592
ACC: -5.3103395 0.9235633 10.059837
ACC: -4.4340615 1.8716671 9.954493
ACC: -3.3806129 0.9139865 8.838794
ACC: -2.1739352 0.8230068 7.474099
ACC: -2.6623523 1.8860323 7.603386
ACC: -2.7389667 3.7343562 5.79337
ACC: -1.6663644 3.7726634 4.5723267
ACC: -0.2873042 3.1884782 4.5435963
ACC: -0.34955344 0.98581254 8.738237
GY:  -0.14168017 0.5592638 0.86606
ACC: -0.25378537 0.47345337 7.8236527
ACC: -1.3455414 2.8245595 7.4645224
ACC: -1.9440918 3.6816838 7.4310036
ACC: -0.9911995 3.0352492 7.143699
ACC: 0.6607997 2.393603 7.5507135
ACC: 1.532289 2.4223335 7.0527196
ACC: 1.6184803 2.6090813 7.6847887
ACC: 1.0103531 2.724003 7.7997108
ACC: 1.3263878 2.28347 6.8228765
GY:  0.294013 -0.6040049 -0.54435015
ACC: 1.3599066 2.307412 6.4924765
ACC: 1.2258313 2.7383683 6.06152
ACC: 0.60333884 3.6816838 5.9705405
ACC: 0.18195933 3.9977183 6.095039
ACC: 0.17238252 3.945046 6.7749925
ACC: 0.4309563 3.5284548 6.51163
ACC: 0.6607997 3.5380316 6.320094
ACC: 0.6751649 3.6050692 6.1764417
ACC: 0.7613561 4.0456023 7.258621
GY:  -0.29188246 -0.046871636 0.017044231
ACC: 0.59376204 3.99293 7.4166384
ACC: 0.4405331 3.7295678 7.6225395
ACC: 0.521936 3.2172086 8.005612
ACC: 0.50278234 3.3081882 8.077438
ACC: 0.51714754 3.5332432 7.957728
ACC: 0.46447513 3.4901476 8.019978
ACC: 0.2633622 3.5380316 8.388684
ACC: 0.2825158 3.6768951 8.541913
ACC: 0.5506664 3.341707 8.278551
GY:  -0.29827404 -0.17044231 -0.0958738
ACC: 0.7374141 3.1597476 8.201937
ACC: 0.33518824 3.4326868 8.781333
ACC: 0.15801731 3.5284548 9.379884
ACC: -0.07182605 3.221997 9.968858
ACC: 0.37828386 3.4566288 8.326435
ACC: 0.50278234 2.7383683 8.695142
