ACC: 0.110133275 0.109534726 9.150041
ACC: 0.062249243 0.11432313 8.992023
ACC: 0.0047884034 0.11432313 9.068638
ACC: 0.047884032 0.10474633 9.039907
ACC: 0.076614454 0.018555064 9.09258
GY:  -0.018109497 -0.014913702 -0.02130529
ACC: -0.023942016 0.15263036 9.178771
ACC: 0.062249243 0.12389994 9.073426
ACC: 0.08619126 0.109534726 9.221867
ACC: 0.05746084 -5.985504E-4 9.039907
ACC: 0.10055647 0.13347675 9.183559
ACC: 0.02873042 0.08559271 9.0016
ACC: 0.07182605 0.047285482 9.173983
ACC: 0.1340753 0.12868834 9.068638
ACC: -0.019153614 0.095169514 9.21229
GY:  -0.017044231 -0.010652645 -0.023435818
ACC: 0.01436521 0.061650693 9.044696
ACC: 0.009576807 0.04249708 9.130887
ACC: 0.062249243 0.047285482 8.996812
ACC: 0.06703765 0.13347675 9.169194
ACC: 0.090979666 0.10474633 8.929773
ACC: 0.090979666 0.076015905 9.130887
ACC: 0.110133275 0.008978256 8.901043
ACC: 0.062249243 0.14305355 9.202713
ACC: 0.06703765 0.0664391 9.097368
GY:  -0.017044231 -0.0127831735 -0.024501082
ACC: 0.033518825 0.12389994 9.164406
ACC: -0.019153614 0.15741876 9.015965
ACC: 0.06703765 0.109534726 9.106945
ACC: 0.033518825 0.10474633 9.145252
ACC: 0.06703765 0.11432313 9.178771
ACC: 0.076614454 0.18136078 9.188348
ACC: 0.033518825 0.08080431 9.135675
ACC: -0.019153614 0.047285482 9.12131
ACC: 0.01436521 0.032920275 9.020754
GY:  -0.018109497 -0.00958738 -0.022370555
ACC: -0.033518825 0.08080431 9.169194
ACC: 0.10534488 0.109534726 9.111733
ACC: 0.0 0.20051439 9.126099
ACC: 0.009576807 0.18136078 8.632893
ACC: -0.02873042 0.17178397 9.039907
ACC: -0.08140286 -0.0053869537 9.21229
ACC: 0.019153614 0.11432313 9.140464
ACC: 0.07182605 0.08559271 8.992023
ACC: 0.08619126 0.08080431 9.102157
GY:  -0.014913702 -0.018109497 -0.02130529
ACC: 0.0 0.11911154 9.140464
ACC: 0.22984336 0.22445641 8.359954
ACC: 0.14844051 0.14784196 8.857947
ACC: 0.090979666 0.08080431 9.087791
ACC: -0.6895301 -0.23523031 9.849147
ACC: -0.10534488 0.13347675 9.432556
ACC: -0.58897364 1.4694413 9.552266
ACC: 0.21547815 -3.390788 9.45171
ACC: 0.25378537 -0.42676646 9.264962
GY:  -0.8841695 0.2759035 0.046871636
ACC: 0.17717093 0.52612585 9.968858
ACC: 0.01436521 -0.7044938 12.99034
ACC: -0.2825158 0.4973954 12.003929
ACC: -1.388637 1.6849195 10.404602
ACC: 0.5554548 0.4830302 11.572972
ACC: 0.25857377 0.27712885 11.314399
ACC: -3.620033 2.6521769 11.343129
ACC: -4.477157 3.3800142 11.194689
ACC: -1.283292 1.8381484 11.338341
GY:  2.0698087 1.055677 -0.7595336
ACC: -1.1252748 1.1677719 11.347918
ACC: -3.2848446 2.5420437 9.9928
ACC: -4.4675803 3.044826 9.437345
ACC: -3.7924154 2.915539 9.475652
ACC: -2.1883004 3.09271 7.804499
ACC: -3.7588966 3.3991678 6.736685
ACC: -5.195418 4.0982747 7.3831196
ACC: -5.185841 4.4382515 8.063073
ACC: -4.8458643 2.9921536 7.000047
GY:  -0.17896444 1.8471686 -1.5254587
ACC: -4.5633483 3.5284548 7.6225395
ACC: -5.070919 4.787805 9.988011
ACC: -7.3789296 4.8069587 6.1716533
ACC: -2.9592333 2.082357 7.8188643
ACC: -8.710106 4.9362454 3.8492777
ACC: -5.6215854 2.3983915 4.8883615
ACC: -5.770026 1.6849195 5.927445
ACC: -7.1347213 4.1413703 5.8125234
ACC: -6.411672 2.0632033 5.324106
GY:  -1.1185277 0.7456851 0.44421527
ACC: -7.991845 1.632247 5.477335
ACC: -6.6606693 2.0248961 5.975329
ACC: -6.775591 2.3409307 6.2674217
ACC: -5.9759274 2.5659857 5.6161985
ACC: -5.5258174 2.5276785 5.1613
ACC: -5.4204726 3.3752258 8.628104
ACC: -4.7979803 2.1398177 9.513959
ACC: -3.3518825 0.5835867 8.79091
ACC: -1.2497733 -1.0253168 5.9801173
GY:  -1.5733956 -6.6919913 0.535828
ACC: -0.49320555 -1.3940239 3.6912606
ACC: 0.10534488 -1.2024878 4.648941
ACC: 0.37349546 -0.6278794 6.497265
ACC: 0.4261679 -0.42676646 7.751827
ACC: 0.7565677 -0.6039374 8.345589
ACC: 0.93852705 -0.9391256 8.000824
ACC: 1.115698 -0.74758947 7.1341224
ACC: 1.292869 -0.30705637 7.8906903
ACC: -1.9440918 1.1917139 9.193136
GY:  1.3454291 -0.9896307 0.52837116
ACC: -2.6862943 2.4462755 9.791686
ACC: -4.261679 4.270657 5.443816
ACC: -1.1827357 2.2499511 7.5985975
ACC: 0.6991069 1.1677719 10.002377
ACC: 0.22984336 1.7711107 8.403049
ACC: 0.5506664 2.5133133 7.1006036
ACC: 0.62728083 2.7670987 7.545925
ACC: 0.17717093 2.6090813 7.53156
ACC: -0.05746084 2.8341362 8.929773
GY:  -0.28336033 -0.41438788 0.083090626
ACC: 0.34476504 2.7527335 8.891466
ACC: 0.79487497 2.4223335 8.2354555
ACC: 0.63206923 2.7383683 8.22109
ACC: 0.15322891 2.7096379 8.077438
ACC: -0.1436521 3.0352492 8.369531
ACC: -0.18195933 3.1884782 8.168418
ACC: 0.06703765 2.867655 7.852383
ACC: 0.40222588 2.9825768 8.087015
ACC: 0.41180268 3.0496144 8.441357
GY:  -0.1587244 0.1768339 -0.10546118
ACC: 0.20111294 2.973 8.695142
ACC: 0.062249243 2.9586349 8.403049
ACC: 0.15322891 3.044826 8.19236
ACC: 0.1436521 2.9921536 8.43178
ACC: 0.4213795 2.7575219 8.527548
ACC: -0.11492168 3.1022868 5.716755
ACC: -0.4213795 2.9059622 10.055049
ACC: 0.17238252 3.068768 8.968081
ACC: 0.3878607 3.0496144 8.771756
GY:  -0.08735169 -0.060720075 -0.043675844
ACC: 0.3878607 2.5755625 8.407838
