ACC: 0.08140286 0.02813187 9.111733
GY:  -0.01917476 -0.008522116 -0.020240024
ACC: 0.08619126 0.090381116 9.207501
ACC: 0.090979666 0.008978256 9.202713
ACC: 0.06703765 0.008978256 8.982447
ACC: 0.047884032 0.05686229 9.12131
ACC: 0.009576807 0.05207389 9.264962
ACC: 0.08619126 0.05686229 9.145252
ACC: 0.06703765 0.12868834 9.09258
ACC: -0.0047884034 0.047285482 9.054273
ACC: 0.02873042 0.0664391 9.164406
GY:  -0.01917476 -0.00958738 -0.022370555
ACC: 0.06703765 0.15741876 9.312846
ACC: 0.07182605 0.15741876 9.178771
ACC: 0.062249243 0.0664391 9.159617
ACC: 0.08140286 0.12868834 9.21229
ACC: 0.090979666 0.0712275 9.154829
ACC: 0.076614454 0.12868834 9.044696
ACC: -0.05746084 0.013766659 9.188348
ACC: 0.095768064 0.05207389 9.068638
ACC: 0.04309563 0.11911154 9.173983
GY:  -0.014913702 -0.025566347 -0.023435818
ACC: 0.12449849 0.17178397 9.221867
ACC: -0.019153614 0.04249708 9.130887
ACC: 0.062249243 -0.0053869537 9.130887
ACC: 0.07182605 0.061650693 9.178771
ACC: 0.01436521 0.15263036 9.140464
ACC: 0.06703765 0.0712275 9.274539
ACC: -0.08140286 0.076015905 9.188348
ACC: 0.038307227 0.032920275 9.150041
ACC: 0.08619126 0.090381116 9.226655
GY:  -0.020240024 0.002130529 -0.02130529
ACC: 0.033518825 0.12868834 9.111733
ACC: 0.076614454 0.095169514 8.982447
ACC: 0.21068975 0.109534726 9.135675
ACC: 0.033518825 0.13347675 9.073426
ACC: 0.019153614 0.090381116 9.384672
ACC: -0.10534488 -5.985504E-4 9.284116
ACC: -1.3694834 0.10474633 9.729437
ACC: 0.0047884034 0.2148796 8.944139
ACC: -0.047884032 0.023343466 9.346365
GY:  -0.02876214 0.12250541 -0.02876214
ACC: -1.0199299 -0.96306765 11.486781
ACC: 0.009576807 -0.9247604 11.793239
ACC: 0.18195933 1.5269021 10.840346
ACC: -0.30166942 1.4885949 11.975199
ACC: -0.076614454 0.99538934 12.257714
ACC: -0.521936 2.1877017 11.170747
ACC: -1.9728222 1.6944963 11.405378
ACC: -2.552219 1.4790181 10.988788
ACC: -2.0015526 1.0193313 8.881889
GY:  0.51452273 0.99069595 -1.7310548
ACC: -2.4372973 0.6937199 12.377424
ACC: -2.5617957 2.460641 11.683105
ACC: -2.7724855 2.3409307 10.2657385
ACC: -1.757344 0.12868834 11.180324
ACC: -0.39264908 -0.27353755 10.811616
ACC: -1.3838485 0.19093758 8.628104
ACC: -3.9743748 -0.43634325 7.7853456
ACC: -2.5570073 -0.22565351 8.379107
ACC: -2.791639 -0.85772276 11.343129
GY:  -0.9938917 2.5470474 -1.0098706
ACC: -3.7301662 -0.85293436 9.049484
ACC: -5.6646814 0.6889315 8.786121
ACC: -4.697424 0.29149407 6.985682
ACC: -5.889736 -0.374094 7.2634096
ACC: -5.899313 -0.14903906 7.043143
ACC: -5.243302 0.3537433 7.8428063
ACC: -4.8027687 0.42078096 8.470087
ACC: -4.855441 0.42078096 6.664859
ACC: -6.1530986 -0.24480712 6.51163
GY:  -0.6828345 -1.144094 1.164334
ACC: -5.779603 -0.31663316 6.9330096
ACC: -4.6782703 -0.019752163 7.129334
ACC: -4.5872903 -0.034117375 7.354389
ACC: -5.6982 0.5117606 6.904279
ACC: -5.33907 0.3441665 6.353613
ACC: -4.9081135 0.3776853 7.6608467
ACC: -4.5058875 0.7368156 7.6608467
ACC: -4.831499 0.41599256 8.16363
ACC: -4.247314 1.0097545 9.403826
GY:  0.3749731 -2.7728834 0.8490158
ACC: -3.1651347 0.4782418 7.814076
ACC: -1.6998832 0.56443304 6.818088
ACC: -0.79008657 1.3401544 5.817312
ACC: 0.44532153 0.6793547 6.693589
ACC: 1.3359646 0.02813187 8.484452
ACC: 1.4508862 -0.110731825 7.8236527
ACC: 0.8619126 0.492607 6.7845693
ACC: -1.4460979 -0.9103952 10.88823
ACC: -3.1794999 2.034473 6.8228765
GY:  1.1952267 -1.3752564 -0.47830373
ACC: -2.9352913 3.7582982 6.640917
ACC: -2.1883004 1.7471687 6.597821
ACC: -0.8714894 1.536479 6.803723
ACC: 0.10534488 1.6226702 7.5267715
ACC: -0.10534488 1.5316905 8.393473
ACC: 0.10534488 1.9482816 8.326435
ACC: 0.25378537 1.9961656 8.125322
ACC: 0.17717093 1.7088615 8.22109
ACC: 0.14844051 2.3409307 7.8428063
GY:  0.3270362 -0.28016454 0.2428803
ACC: 0.23463176 2.5803509 7.7183075
ACC: -0.01436521 2.7766755 7.9050555
ACC: 0.18674773 2.9538465 8.077438
ACC: -0.05746084 2.8245595 8.901043
ACC: 0.02873042 2.843713 8.115746
ACC: 0.40222588 2.6330233 7.972093
ACC: 0.545878 2.546832 7.7997108
ACC: 0.31603462 3.0352492 8.206725
ACC: 0.17717093 3.2603042 9.059061
GY:  -0.3536678 0.46871635 -0.004261058
ACC: 0.10055647 2.8532898 9.341577
ACC: -0.08140286 2.7431567 9.073426
ACC: -0.05267244 2.8963854 8.829217
ACC: 0.038307227 2.724003 8.484452
ACC: -0.01436521 2.6473885 8.565855
ACC: 0.15801731 2.8389246 8.16363
ACC: 0.17238252 2.8101943 8.10138
ACC: 0.1340753 2.8341362 8.077438
ACC: 0.11971009 3.0400376 8.714295
GY:  -0.14061491 -0.13102753 0.070307456
ACC: 0.50757074 2.915539 9.322423
ACC: 0.6751649 2.7575219 8.704719
ACC: 0.10534488 2.5420437 7.20116
ACC: -0.320823 2.9251158 8.16363
ACC: 0.1340753 2.949058 8.273763
ACC: -0.14844051 2.9538465 8.992023
ACC: 0.41180268 2.9682117 9.044696
