ACC: 0.02873042 0.04249708 9.202713
ACC: 0.095768064 -0.014963761 9.169194
GY:  -0.0031957934 -0.03089267 -0.023435818
ACC: -0.04309563 0.08559271 8.924985
ACC: 0.16280572 -0.06284779 9.303269
ACC: 0.08140286 -5.985504E-4 8.992023
ACC: 0.19153613 0.13826515 8.93935
ACC: 0.019153614 0.02813187 9.078215
ACC: 0.090979666 0.0712275 9.303269
ACC: 0.10055647 0.013766659 9.159617
ACC: 0.04309563 0.095169514 9.09258
ACC: 0.10534488 0.08080431 9.159617
GY:  -0.01917476 -0.015978966 -0.022370555
ACC: 0.12928689 0.061650693 9.025542
ACC: 0.04309563 0.04249708 9.183559
ACC: 0.08140286 0.05207389 9.044696
ACC: 0.17238252 0.013766659 9.178771
ACC: 0.10055647 0.12389994 9.030331
ACC: 0.05746084 0.15741876 9.09258
ACC: 0.02873042 -5.985504E-4 9.044696
ACC: 0.10534488 0.023343466 9.322423
ACC: -0.01436521 0.076015905 9.202713
GY:  -0.017044231 -0.00958738 -0.022370555
ACC: -0.05267244 0.013766659 9.097368
ACC: 0.038307227 0.023343466 9.116522
ACC: 0.02873042 0.11432313 9.135675
ACC: 0.06703765 0.032920275 9.135675
ACC: 0.04309563 0.15263036 9.102157
ACC: 0.033518825 0.109534726 9.025542
ACC: 0.062249243 0.11432313 9.039907
ACC: 0.06703765 0.061650693 9.106945
ACC: 0.10534488 0.05686229 9.145252
GY:  -0.01917476 -0.010652645 -0.022370555
ACC: 0.0047884034 0.11911154 9.303269
ACC: -0.0047884034 0.095169514 9.193136
ACC: -0.01436521 0.13347675 9.049484
ACC: -0.019153614 0.14305355 9.145252
ACC: 0.06703765 0.032920275 9.049484
ACC: 0.038307227 0.15741876 9.111733
ACC: 0.0047884034 0.08080431 9.150041
ACC: 0.009576807 0.02813187 9.183559
ACC: 0.019153614 0.11911154 9.054273
GY:  -0.01917476 -0.00958738 -0.022370555
ACC: 0.038307227 0.04249708 9.226655
ACC: 0.06703765 0.061650693 9.169194
ACC: 0.090979666 0.023343466 9.145252
ACC: 0.04309563 0.04249708 9.039907
ACC: 0.090979666 0.6075287 8.766968
ACC: -0.009576807 0.023343466 9.0016
ACC: 0.12449849 0.05686229 9.202713
ACC: 0.5506664 0.75118077 9.12131
ACC: 0.16280572 0.20530279 9.111733
GY:  -0.051132694 -0.03834952 -0.026631612
ACC: 0.30645782 0.14784196 9.633669
ACC: -0.5793968 -4.789002 12.243349
ACC: 0.9576807 -1.1306617 14.862606
ACC: 1.2976574 4.9601874 19.612701
ACC: 5.085284 2.202067 13.172299
ACC: 2.1308396 -4.6884456 3.66253
ACC: 0.33518824 -3.970185 13.785214
ACC: 2.5713725 -3.567959 14.407707
ACC: 3.41892 -1.7100586 11.16117
GY:  2.4469125 1.2623384 -3.045591
ACC: -2.7820623 1.9147629 4.4382515
ACC: -0.3878607 0.24361002 7.790134
ACC: -0.79487497 -0.83856916 12.367847
ACC: 1.1923125 -1.5328877 11.525088
ACC: -2.5474305 -6.010045 15.044565
ACC: -2.1739352 -3.0268695 13.339893
ACC: -2.1883004 -3.8935704 11.654375
ACC: -3.5098996 -3.0651767 9.681553
ACC: -3.86903 -2.6581624 8.905831
GY:  1.9398465 2.8655615 0.35792887
ACC: -5.1523223 -1.6525977 9.312846
ACC: -5.45878 -0.9343372 9.6528225
ACC: -4.19943 -0.98222125 9.140464
ACC: -4.1802764 -0.6901286 8.2593975
ACC: -4.6686935 -0.599149 10.366295
ACC: -4.132392 -0.024540568 12.669517
ACC: -4.003105 -0.56563014 8.201937
ACC: -1.412579 0.57879823 6.013636
ACC: -0.56982 0.28670564 4.246715
GY:  1.2090752 -1.7662084 0.8064052
ACC: 0.22026655 -0.6853402 4.68246
ACC: -0.49320555 -0.15382746 7.378331
ACC: -1.2401965 1.0145429 8.647258
ACC: -2.1068976 0.7368156 8.029554
ACC: -1.4700398 0.39205053 9.739014
ACC: -2.1164744 0.8996213 7.483676
ACC: -3.2848446 2.2930467 6.367978
ACC: -3.0119057 4.720767 4.079121
ACC: -1.3790601 3.3129766 4.208408
GY:  2.2658174 -1.0205233 0.8681905
ACC: 0.2873042 2.5995045 5.084686
ACC: 0.5602432 3.0879216 5.2618566
ACC: 0.5506664 3.9737763 5.4821234
ACC: 0.5267244 4.256292 5.185242
ACC: 0.5602432 4.505289 5.180454
ACC: 0.46926352 4.720767 4.7638626
ACC: 0.6607997 5.084686 5.170877
ACC: 0.58418524 5.319318 5.46297
ACC: 0.24899697 5.477335 5.8843493
GY:  0.27164245 -0.46978164 -0.096939065
ACC: 0.110133275 5.439028 5.8364654
ACC: 0.24899697 5.501277 5.683236
ACC: 0.30166942 5.5778913 5.783793
ACC: 0.16759412 5.94181 6.415862
ACC: -0.05746084 6.133346 6.770204
ACC: -0.019153614 6.133346 7.306505
ACC: 0.01436521 5.740697 6.712743
ACC: 0.02873042 5.951387 6.8468184
ACC: 0.02873042 6.0519433 6.593033
GY:  0.06391586 0.13954964 0.12463594
ACC: 0.31603462 5.917868 6.8851256
ACC: 0.1340753 6.0519433 6.4541693
ACC: -0.04309563 5.9849057 6.257845
ACC: -0.25857377 6.133346 6.305729
ACC: -0.24420857 6.133346 6.5643024
ACC: -0.18195933 6.0519433 6.84203
ACC: -0.19632454 5.893926 7.0144124
ACC: -0.320823 5.9705405 6.779781
ACC: -0.5315128 6.071097 6.755839
GY:  0.1917476 -0.096939065 -0.10439592
ACC: -0.58418524 6.281787 4.4526167
ACC: -0.58897364 5.9370217 6.693589
ACC: 0.21068975 6.190807 7.162853
ACC: -0.12928689 6.1046157 8.278551
ACC: -0.59855044 6.013636 7.5507135
