ACC: 0.047884032 0.061650693 9.068638
ACC: 0.08140286 0.090381116 9.102157
ACC: 0.090979666 0.090381116 9.154829
ACC: 0.02873042 0.018555064 9.169194
ACC: 0.0 0.08559271 9.078215
ACC: 0.08619126 0.0712275 9.078215
GY: -0.02130529 -0.0063915867 -0.022370555
ACC: 0.062249243 0.11911154 9.068638
ACC: 0.033518825 0.04249708 9.073426
ACC: 0.076614454 0.047285482 9.097368
ACC: -0.033518825 0.023343466 9.140464
ACC: 0.0 0.08080431 9.130887
ACC: -0.01436521 0.12868834 9.102157
ACC: -0.01436521 0.061650693 9.169194
ACC: 0.062249243 0.12389994 9.183559
ACC: -0.033518825 0.061650693 9.068638
GY: -0.020240024 -0.0053263223 -0.020240024
ACC: 0.01436521 0.023343466 9.030331
ACC: 0.023942016 0.11911154 9.0016
ACC: 0.02873042 0.12389994 9.178771
ACC: 0.019153614 0.05686229 9.150041
ACC: 0.0047884034 0.08559271 9.020754
ACC: -0.095768064 0.090381116 9.126099
ACC: 0.0047884034 0.061650693 9.039907
ACC: 0.04309563 0.08080431 9.116522
ACC: 0.033518825 0.095169514 9.106945
GY: -0.02130529 -0.010652645 -0.022370555
ACC: 0.10055647 0.08080431 9.221867
ACC: 0.047884032 0.013766659 9.039907
ACC: 0.05746084 0.047285482 9.015965
ACC: -0.05746084 -5.985504E-4 9.126099
ACC: 0.02873042 0.0712275 9.264962
ACC: 0.07182605 0.0664391 9.073426
ACC: 0.033518825 0.032920275 9.197925
ACC: 0.08619126 0.013766659 8.992023
ACC: 0.17717093 0.05207389 8.982447
GY:    -0.015978966   -0.008522116   -0.01917476
ACC: -4.572925 -1.2072762 12.343905
ACC: -0.7038953 -0.5081693 9.197925
ACC: -0.08140286 0.12389994 9.274539
ACC: -0.61770403 -1.3892355 9.078215
ACC: 0.11492168 -0.57041854 16.145897
ACC: 1.7525556 2.211644 10.811616
ACC: 5.4204726 -0.32621 11.323976
ACC: -3.8977604 -1.7340006 9.542689
ACC: 1.3263878 -2.5240872 3.66253
GY:    -3.3864758   -2.5129588   -0.15659387
ACC: -1.2880806 -3.7259765 14.106038
ACC: 2.4995465 -1.91596 10.802039
ACC: 1.2689269 -0.85772276 9.12131
ACC: 0.12928689 0.19572599 10.964846
ACC: 0.39264908 -1.1019313 14.843452
ACC: -1.1252748 -0.89603 14.618397
ACC: -0.40701428 -1.8154035 13.876195
ACC: -1.4317327 -2.60549 13.713388
ACC: -4.927267 -0.13467385 12.56896
GY:    1.6511599   2.670618   -0.76485986
ACC: -6.4404025 0.2148796 12.013506
ACC: -6.588843 -0.014963761 11.276092
ACC: -4.4436383 -1.2982559 11.376648
ACC: -3.8881836 -0.82899237 10.95048
ACC: -5.3342814 0.061650693 10.371083
ACC: -5.731719 -0.32621 10.945692
ACC: -4.630386 -0.96785605 10.677541
ACC: -3.964798 -0.9103952 9.264962
ACC: -3.1411927 0.12389994 8.039131
GY:    0.75101143   -1.6682042   0.033023197
ACC: -2.8203697 0.20051439 7.019201
ACC: -2.815581 0.109534726 5.635352
ACC: -1.8866309 0.45908818 4.2419267
ACC: -1.067814 -0.3597288 3.5619736
ACC: -0.89064306 -2.4426842 3.365649
ACC: -1.8626889 -2.8401217 7.675212
ACC: -3.217807 -2.428319 7.804499
ACC: -4.9799395 -0.694917 2.4941597
ACC: -4.122815 0.6985083 5.266645
GY:    0.9672601   -0.4250405   -1.9142802
ACC: -5.2720323 1.5556326 6.8611836
ACC: -3.6870706 1.3880384 7.4693108
ACC: -2.2457612 -0.5033809 6.976105
ACC: -4.0222588 -0.83378077 6.8372416
ACC: -2.5378537 -1.9542671 6.889914
ACC: -3.7780502 0.15263036 6.190807
ACC: -3.2944214 1.2300211 6.166865
ACC: -3.6822822 2.1206641 10.586561
ACC: -2.6910827 2.28347 10.088568
GY:    2.3861923   -1.8365159   0.7254451
ACC: -0.20111294 3.293823 6.640917
ACC: -0.1340753 4.2754455 7.1341224
ACC: -0.9768343 6.1860185 6.3009405
ACC: -0.07182605 3.743933 4.1557355
ACC: -1.13964 4.5675383 5.5347958
ACC: -1.685518 6.971317 6.2195373
ACC: -0.2681506 5.8747725 4.6537294
ACC: 0.5363012 6.593033 4.007295
ACC: 0.9576807 5.5060654 4.869208
GY:  -0.2609898   1.8077538   1.603223
ACC: 1.0726024 6.2003837 5.8508306
ACC: 0.7565677 7.378331 5.917868
ACC: 0.6799533 7.387908 6.4541693
ACC: 0.41180268 7.1245456 6.736685
ACC: -0.545878 7.450157 5.8604074
ACC: -1.091756 8.000824 4.8261123
ACC: -0.60333884 7.972093 3.6194344
ACC: -0.33518824 7.627328 3.743933
ACC: -0.6512229 7.4070616 5.027225
GY:  0.48682585   0.2876214   -0.2695119
ACC: -0.7469909 7.043143 5.381567
ACC: -0.90979666 7.325659 5.1421466
ACC: -1.0247183 7.426215 4.988918
ACC: -1.0821792 7.244256 4.859631
ACC: -0.7230489 6.8707604 5.0559554
ACC: -0.78050977 6.736685 5.3624134
ACC: -1.0773908 7.019201 5.381567
ACC: -1.1300632 7.1245456 5.367202
ACC: -0.93373865 7.20116 5.4246626
GY:  -0.0010652645   -0.23648871   0.0063915867
ACC: -0.6368576 7.1867948 5.9801173
ACC: -0.6655881 7.234679 6.18123
ACC: -0.7517793 7.5890207 5.999271
ACC: -0.7469909 7.7183075 4.395156
ACC: -0.48841715 7.7997108 4.7830167
ACC: -0.46447513 7.5602903 5.7023897
ACC: -0.61291564 7.450157 7.498041
ACC: -0.36391866 7.1867948 6.8132997
