ACC: 0.090979666 0.076015905 9.197925
ACC: 0.0047884034 0.018555064 8.953716
ACC: 0.07182605 0.023343466 9.097368
ACC: -0.01436521 0.10474633 9.039907
ACC: 0.033518825 0.076015905 9.030331
ACC: -0.01436521 0.05207389 9.164406
ACC: 0.047884032 0.08559271 9.169194
ACC: 0.076614454 0.11911154 9.207501
GY:  -0.018109497 -0.00958738 -0.020240024
ACC: -0.019153614 0.023343466 9.059061
ACC: 0.047884032 0.16220717 9.087791
ACC: 0.095768064 0.11432313 9.169194
ACC: 0.08619126 0.076015905 9.140464
ACC: 0.05746084 0.12389994 9.12131
ACC: 0.033518825 0.05207389 9.09258
ACC: 0.0047884034 0.0712275 9.039907
ACC: 0.08140286 0.013766659 9.087791
ACC: 0.05746084 0.02813187 9.068638
GY:  -0.01917476 -0.00958738 -0.02130529
ACC: 0.07182605 -5.985504E-4 9.09258
ACC: 0.076614454 -5.985504E-4 9.231443
ACC: -0.033518825 0.08080431 8.992023
ACC: -0.04309563 0.05207389 9.36073
ACC: 0.009576807 0.11432313 9.054273
ACC: -0.01436521 0.018555064 9.178771
ACC: 0.06703765 -0.019752163 8.857947
ACC: 0.047884032 0.02813187 9.169194
ACC: 0.062249243 0.08559271 9.169194
GY:  -0.018109497 -0.011717909 -0.020240024
ACC: 0.02873042 0.05207389 9.020754
ACC: 0.08619126 0.090381116 9.078215
ACC: 0.11492168 0.19572599 9.044696
ACC: 0.08619126 0.013766659 9.312846
ACC: -0.48362875 2.2930467 7.095815
ACC: -0.17238252 0.4782418 8.201937
ACC: -0.7422025 0.86610246 10.088568
ACC: 1.0630256 -1.690905 12.367847
ACC: 1.9057846 0.004189853 11.582549
GY:  -1.8674086 -0.4878911 -0.42184472
ACC: -0.047884032 0.8996213 13.421296
ACC: -1.292869 -1.9686323 10.2178545
ACC: 3.7588966 -3.2184057 8.532336
ACC: 1.2449849 -1.738789 19.397224
ACC: -0.2681506 -4.022857 15.576077
ACC: 3.107674 -3.8504748 14.891336
ACC: 3.3039982 -1.2934675 9.834782
ACC: 0.24899697 1.2491747 3.09271
ACC: -0.80445176 3.0256724 6.1764417
GY:  0.27483824 1.1249193 -1.8631475
ACC: 2.1691468 0.27712885 9.466075
ACC: 2.1021092 -0.43634325 10.11251
ACC: 0.9864111 -2.533664 8.757391
ACC: 0.15801731 -5.66528 17.888876
ACC: 1.1061212 -2.2559366 11.979987
ACC: 1.1061212 -2.8353333 7.402273
ACC: -0.023942016 -2.8832173 8.498817
ACC: 0.59855044 -1.8249803 7.8092875
ACC: -1.8866309 -0.12988544 8.996812
GY:  0.624245 1.6010925 -0.23861924
ACC: -1.4269443 -1.0971429 9.710283
ACC: -2.1260512 -0.9151836 10.672752
ACC: -1.6759412 -0.30705637 9.346365
ACC: -0.62728083 -0.46028528 7.6560583
ACC: -0.5410896 0.013766659 8.364742
ACC: -0.56982 1.0576386 8.374319
ACC: -0.62728083 0.7942764 8.130111
ACC: -0.320823 -0.57520694 8.743026
ACC: -0.110133275 -0.15382746 7.65127
GY:  -0.05219796 -0.083090626 0.1438107
ACC: -0.23942018 0.98581254 8.872313
ACC: -0.44532153 1.158195 9.384672
ACC: -0.08140286 1.1246762 8.709507
ACC: -0.095768064 1.2252327 9.025542
ACC: -0.019153614 1.6849195 8.474875
ACC: 0.4309563 1.4024036 7.8092875
ACC: 0.7230489 0.7128736 8.000824
ACC: 1.0055647 0.4782418 7.521983
ACC: 0.8571242 1.2587515 7.277775
GY:  0.4910869 0.15659387 -0.21731395
ACC: 0.19153613 2.6138697 7.253833
ACC: -0.04309563 3.221997 7.8715367
ACC: 0.320823 1.9482816 7.1341224
ACC: 0.58897364 1.7088615 7.4166384
ACC: 0.47405192 2.4702177 7.474099
ACC: 0.6991069 3.0017304 7.1867948
ACC: 0.51235914 3.1549592 7.3591776
ACC: 0.30166942 3.4039562 7.3926964
ACC: 0.22984336 3.4901476 6.9330096
GY:  0.99069595 0.096939065 0.05219796
ACC: 0.25378537 3.638588 6.6983776
ACC: -0.019153614 3.6816838 6.727108
ACC: -0.10055647 3.887585 6.9808936
ACC: -0.08140286 3.9306808 7.258621
ACC: 0.36870706 3.6816838 7.215525
ACC: 0.4357447 3.7104142 7.1341224
ACC: 0.30645782 3.9067385 7.6321163
ACC: 0.34955344 4.1222167 7.756615
ACC: 0.095768064 3.7630866 7.6321163
GY:  -0.023435818 0.1438107 -0.094808534
ACC: -0.08140286 3.638588 7.6800003
ACC: -0.10055647 3.7582982 7.7614036
ACC: -0.10055647 3.8109705 8.201937
ACC: -0.009576807 3.9594111 8.106169
ACC: -0.17717093 3.8205473 7.900267
ACC: -0.07182605 3.7582982 7.53156
ACC: 0.12449849 3.791817 7.244256
ACC: 0.076614454 3.9402575 7.5267715
ACC: -0.076614454 4.127005 7.9864583
GY:  -0.1949434 -0.00958738 -0.014913702
ACC: -0.090979666 3.9019501 7.948151
ACC: 0.04309563 3.8588545 8.019978
ACC: -0.16759412 3.8109705 7.924209
ACC: -0.35913026 4.088698 8.422203
ACC: -0.45489833 4.1796775 8.944139
ACC: -0.4261679 3.7295678 8.805275
ACC: -0.16280572 4.1174283 7.617751
ACC: -0.095768064 4.198831 8.177995
ACC: 0.10534488 4.361637 8.977658
GY:  -0.113983296 -0.29614353 0.06178534
ACC: 0.38307226 3.9737763 8.685565
ACC: 0.2633622 3.5715504 8.230667
ACC: -0.16280572 3.8780081 8.3408
